25.65 24.79 24.01 25.06 25.48 24.97
25.31 24.21 24.02 24.93 25.16 24.83
25.05 23.73 23.89 24.79 24.80 24.55
24.79 23.36 23.83 24.84 24.74 24.48
24.59 23.05 23.69 24.82 24.80 24.38
24.40 22.80 23.52 24.79 24.87 24.40
24.38 22.79 23.68 25.10 24.71 24.41
26.72 25.61 24.92 26.56 25.03 24.91
28.84 26.93 26.51 26.53 25.75 25.85
30.29 28.72 27.48 26.95 26.64 26.79
31.35 29.97 26.96 27.23 27.68 27.53
32.05 28.93 26.86 27.38 28.43 28.98
31.31 28.94 26.65 27.47 28.29 29.24
30.95 30.25 27.83 27.44 28.00 30.66
30.56 30.62 26.49 27.16 27.67 30.97
31.13 30.58 26.29 26.68 27.29 30.59
30.80 30.20 26.60 26.45 27.29 29.13
29.94 29.36 25.80 26.67 26.69 28.72
28.53 27.48 24.82 25.92 25.81 27.46
28.89 27.03 24.93 25.88 25.93 27.07
28.06 26.41 24.70 25.70 25.97 26.75
27.43 26.20 24.41 25.62 25.94 26.32
26.98 25.79 24.17 25.60 25.90 26.29
26.68 25.31 23.81 25.53 25.80 26.36
26.34 25.29 23.49 25.30 25.54 26.27
25.98 24.99 23.49 25.20 25.41 25.58
25.74 24.46 23.71 25.06 25.22 25.22
25.67 24.20 23.76 25.01 25.06 25.05
25.25 24.58 23.52 24.91 24.83 25.00
25.03 24.53 23.38 24.79 24.61 24.90
25.19 24.57 23.32 24.89 24.41 24.86
26.62 26.03 24.33 25.44 24.69 25.32
28.73 27.67 26.56 27.93 26.52 26.84
30.28 29.75 28.08 28.56 27.48 26.26
31.44 31.16 28.99 28.68 27.46 26.17
32.11 31.05 29.61 28.40 27.50 25.84
33.04 30.37 29.86 28.18 27.51 26.04
33.45 30.20 29.79 27.95 27.34 26.20
31.76 31.65 29.68 27.62 26.84 26.14
31.52 31.69 29.30 27.27 26.21 26.02
30.86 30.30 28.66 26.97 25.76 25.92
30.54 29.82 27.71 26.65 25.47 25.94
29.40 27.98 25.95 26.21 25.16 25.63
29.09 27.16 25.24 26.01 25.01 25.60
28.29 26.73 25.02 25.96 24.97 25.73
27.67 26.66 24.69 25.97 24.93 25.55
27.04 26.31 24.58 25.91 24.73 25.67
26.60 25.87 24.08 25.91 24.51 25.55
26.36 25.61 23.47 25.65 24.28 25.85
26.03 25.19 23.00 25.64 24.01 25.90
25.63 24.44 22.20 25.44 23.77 25.79
25.06 23.89 21.66 25.30 24.23 25.86
24.65 23.55 21.21 25.23 24.56 25.93
24.29 23.31 20.93 25.40 24.68 25.86
23.96 23.31 21.31 25.76 24.87 25.71
26.33 26.00 24.01 26.35 25.70 26.59
28.87 28.29 26.43 26.95 27.19 27.42
30.50 29.93 28.22 27.42 27.72 29.24
31.71 31.03 28.95 27.58 29.61 28.41
32.73 31.85 29.76 27.75 28.87 28.89
33.23 32.33 29.88 27.58 29.02 28.80
33.36 32.57 29.78 27.50 28.91 28.95
32.16 32.46 29.47 27.44 28.77 28.71
32.02 32.08 28.97 27.26 28.55 28.43
32.08 31.41 27.78 26.95 28.35 28.12
31.49 30.42 26.93 26.62 28.11 27.79
30.14 28.22 25.74 26.26 27.40 27.12
29.45 27.63 25.23 26.13 27.05 26.97
28.82 27.19 25.17 26.20 26.67 26.87
28.49 26.92 25.16 26.23 26.01 26.53
27.98 26.61 25.03 26.03 25.90 26.10
27.67 26.19 24.76 25.84 25.71 25.50
27.28 25.89 24.33 25.71 25.61 25.54
27.23 25.18 23.93 25.63 25.55 25.47
27.02 24.50 23.45 25.50 25.50 25.42
26.72 23.88 23.14 25.44 25.40 25.65
26.49 24.06 22.89 25.49 25.45 26.00
25.96 24.33 22.62 25.37 25.48 25.67
25.94 24.30 23.26 25.44 25.60 25.88
26.59 25.10 25.42 25.71 26.32 26.16
27.70 27.83 27.18 26.55 26.73 26.73
29.21 28.90 27.27 27.12 27.66 27.08
29.19 28.70 27.42 27.18 28.39 27.76
29.68 28.80 27.49 27.16 29.13 28.57
29.84 29.05 27.63 26.88 29.58 29.12
30.26 28.91 27.33 26.81 28.31 29.42
30.14 28.57 27.61 26.79 27.93 29.23
30.02 28.11 27.22 26.66 27.53 28.74
29.80 28.00 26.93 26.55 26.98 28.22
29.70 27.73 26.42 26.48 26.65 27.40
28.52 27.27 25.79 25.96 25.89 26.74
27.89 27.22 25.65 25.80 25.45 26.48
27.38 26.59 25.63 25.89 25.03 25.85
27.04 25.97 25.53 26.14 24.69 25.19
26.54 25.74 25.80 26.39 24.42 24.61
26.14 26.36 25.86 26.64 24.12 24.17
25.59 26.36 25.74 26.59 23.90 24.15
24.84 26.35 25.62 26.52 23.70 24.23
25.02 26.02 25.49 26.21 23.52 24.31
25.02 25.00 25.15 25.54 23.25 24.40
25.00 24.74 25.21 25.25 23.38 24.43
24.26 24.77 24.42 25.08 23.29 24.42
24.34 24.86 24.72 24.94 23.45 24.53
26.79 25.32 26.49 24.92 24.69 26.74
28.68 26.64 27.71 25.51 26.44 28.08
29.65 27.62 27.86 26.42 27.50 29.65
30.30 28.02 27.35 27.07 26.70 30.58
29.28 28.46 27.03 27.48 25.93 31.37
29.15 28.41 26.94 27.39 26.03 31.21
28.96 28.30 26.85 27.28 26.64 31.26
29.05 28.03 26.76 27.10 27.89 31.32
28.81 27.90 26.70 26.88 28.91 29.90
28.54 27.75 26.42 26.57 29.24 29.33
28.54 27.32 25.88 26.35 28.58 29.25
27.57 25.67 25.24 26.06 27.28 27.65
27.18 26.00 25.02 26.01 27.12 27.12
26.91 25.97 25.14 26.11 26.53 26.47
26.66 26.01 25.38 26.35 25.96 25.92
26.51 25.73 25.39 26.54 25.26 25.54
26.51 25.36 25.04 26.64 24.51 25.21
25.86 24.82 24.72 26.40 24.24 25.00
25.31 24.28 24.31 25.93 24.02 24.87
24.84 23.80 23.80 25.53 23.85 24.74
24.48 23.49 23.78 25.47 23.73 24.52
24.08 23.10 23.96 25.28 23.50 24.22
23.53 22.60 23.98 25.21 23.25 24.07
23.33 22.62 24.04 25.38 23.22 23.99
25.71 25.33 24.96 26.05 25.80 26.84
28.13 26.90 26.06 27.50 27.93 27.88
29.52 27.60 27.33 28.49 29.55 29.88
30.36 27.72 27.15 27.78 31.06 29.32
29.97 27.87 26.99 27.60 29.81 29.19
29.73 27.80 27.13 27.41 29.66 28.83
29.97 27.62 26.80 27.23 29.23 28.50
29.53 27.51 26.55 26.96 28.97 30.53
29.68 27.37 26.40 26.74 30.02 30.77
29.44 27.18 26.25 26.54 28.88 29.03
29.18 26.92 25.94 26.22 29.04 28.38
28.30 26.53 25.50 25.94 27.78 27.20
27.90 26.30 24.64 25.95 27.53 26.77
27.11 26.02 24.59 25.98 27.00 26.41
26.73 25.84 24.49 25.97 26.52 26.08
26.45 25.40 24.41 25.79 26.11 25.36
25.98 24.83 24.45 25.52 25.50 24.90
25.41 24.30 23.92 25.25 25.06 24.87
24.71 23.92 23.41 25.03 24.79 24.83
23.83 23.58 23.02 24.95 24.54 24.77
23.25 24.10 22.65 24.86 24.33 24.64
22.92 24.15 22.40 24.71 24.08 24.28
22.58 24.09 22.24 24.54 23.92 24.12
22.59 24.08 22.77 24.57 23.94 24.17
25.34 24.88 24.81 24.89 25.31 27.10
27.71 25.90 25.94 25.46 26.95 27.82
29.01 27.17 27.50 25.60 28.49 28.90
29.97 27.66 28.61 25.80 28.64 29.34
30.81 27.85 28.65 26.36 28.70 29.15
31.47 27.76 27.87 26.54 28.43 29.10
31.73 27.70 27.21 27.13 28.21 28.89
31.88 27.62 27.07 27.28 28.06 28.52
31.81 27.94 27.95 27.15 27.81 28.26
31.45 27.55 26.84 26.97 27.54 27.88
30.48 27.30 26.07 26.27 27.18 27.79
28.43 26.01 24.83 25.92 26.66 26.64
27.93 25.67 24.28 25.71 26.46 26.06
26.75 25.31 24.33 25.74 25.95 25.93
26.05 25.14 24.48 25.93 25.40 25.93
24.72 25.27 24.61 25.77 24.80 25.83
23.87 25.66 24.70 25.34 24.12 25.76
23.48 25.47 24.31 25.00 24.15 25.51
23.05 25.20 23.97 24.81 24.08 25.30
22.65 25.13 23.69 24.69 24.03 25.19
22.32 24.03 23.55 24.58 23.96 25.07
22.11 24.11 23.20 24.55 23.91 25.05
21.76 23.97 22.87 24.50 23.87 25.19
21.68 23.96 23.10 24.62 23.92 25.27
24.29 25.73 24.98 25.33 24.57 25.87
26.93 27.09 25.42 26.29 25.99 26.69
28.41 28.43 26.81 26.91 25.96 27.24
29.29 29.31 27.91 26.28 26.38 27.31
30.00 29.97 28.58 26.33 26.59 27.25
30.59 30.30 27.20 26.54 26.70 27.49
30.92 30.27 26.97 27.52 26.73 27.83
30.96 29.86 26.61 26.48 26.59 28.05
30.78 29.30 26.42 26.37 26.57 27.94
30.36 28.63 26.06 26.38 26.48 27.85
29.28 27.62 25.88 26.35 26.25 28.19
27.44 25.30 24.53 26.20 25.86 27.01
26.56 24.92 24.10 26.11 25.56 26.43
25.69 24.77 23.76 25.97 25.23 25.88
24.81 24.47 23.40 25.86 25.05 25.29
23.97 24.22 22.95 25.74 24.92 24.87
22.84 23.99 22.59 25.50 24.77 24.57
